name: tweety
channels:
  - pytorch
  - anaconda
  - conda-forge
  - defaults
dependencies:
  - backcall=0.2.0=py_0
  - blas=1.0=mkl
  - brotli=1.0.9=h8ffe710_6
  - brotli-bin=1.0.9=h8ffe710_6
  - ca-certificates=2021.10.8=h5b45459_0
  - certifi=2021.10.8=py38haa95532_0
  - colorama=0.4.4=py_0
  - cudatoolkit=11.3.1=h59b6b97_2
  - cycler=0.10.0=py38_0
  - fonttools=4.25.0=pyhd3eb1b0_0
  - freetype=2.10.4=h546665d_1
  - icu=64.2=he025d50_1
  - intel-openmp=2022.0.0=h57928b3_3663
  - ipykernel=5.3.4=py38h5ca1d4c_0
  - ipython=7.18.1=py38h5ca1d4c_0
  - ipython_genutils=0.2.0=py38_0
  - jbig=2.1=h8d14728_2003
  - jedi=0.18.0=py38haa95532_1
  - jpeg=9d=h8ffe710_0
  - jupyter_client=6.1.7=py_0
  - jupyter_core=4.6.3=py38_0
  - kiwisolver=1.3.1=py38hd77b12b_0
  - lerc=3.0=h0e60522_0
  - libbrotlicommon=1.0.9=h8ffe710_6
  - libbrotlidec=1.0.9=h8ffe710_6
  - libbrotlienc=1.0.9=h8ffe710_6
  - libdeflate=1.8=h8ffe710_0
  - libpng=1.6.37=h1d00b33_2
  - libsodium=1.0.18=h8d14728_1
  - libtiff=4.3.0=hd413186_2
  - libuv=1.43.0=h8ffe710_0
  - libwebp=1.2.2=h57928b3_0
  - libwebp-base=1.2.2=h8ffe710_1
  - libzlib=1.2.11=h8ffe710_1013
  - lz4-c=1.9.3=h8ffe710_1
  - matplotlib=3.4.3=py38haa95532_0
  - matplotlib-base=3.4.3=py38h49ac443_0
  - mkl=2021.4.0=h0e2418a_729
  - mkl-service=2.4.0=py38h2bbff1b_0
  - mkl_fft=1.3.1=py38h277e83a_0
  - mkl_random=1.2.2=py38hf11a4ad_0
  - munkres=1.1.4=py_0
  - olefile=0.46=pyhd3eb1b0_0
  - openssl=1.1.1l=h8ffe710_0
  - parso=0.8.0=py_0
  - pickleshare=0.7.5=py38_1000
  - pillow=8.4.0=py38hd45dc43_0
  - prompt-toolkit=3.0.8=py_0
  - pygments=2.7.1=py_0
  - pyqt=5.9.2=py38ha925a31_4
  - python=3.8.12=h6244533_0
  - python-dateutil=2.8.1=py_0
  - python_abi=3.8=2_cp38
  - pytorch=1.10.0=py3.8_cuda11.3_cudnn8_0
  - pytorch-mutex=1.0=cuda
  - pywin32=227=py38he774522_1
  - pyzmq=19.0.2=py38ha925a31_1
  - qt=5.9.7=h506e8af_3
  - sip=4.19.13=py38ha925a31_0
  - six=1.16.0=pyhd3eb1b0_0
  - sqlite=3.37.0=h8ffe710_0
  - tbb=2021.5.0=h2d74725_0
  - tk=8.6.11=h8ffe710_1
  - torchaudio=0.10.0=py38_cu113
  - torchvision=0.11.1=py38_cu113
  - tornado=6.1=py38h294d835_2
  - traitlets=5.0.5=py_0
  - typing_extensions=3.10.0.2=pyh06a4308_0
  - ucrt=10.0.20348.0=h57928b3_0
  - vc=14.2=hb210afc_6
  - vs2015_runtime=14.29.30037=h902a5da_6
  - wcwidth=0.2.5=py_0
  - wheel=0.37.0=pyhd3eb1b0_1
  - wincertstore=0.2=py38haa95532_2
  - xz=5.2.5=h62dcd97_1
  - zeromq=4.3.2=h0e60522_5
  - zlib=1.2.11=h8ffe710_1013
  - zstd=1.5.2=h6255e5f_0
  - pip:
    - appdirs==1.4.4
    - argon2-cffi==21.1.0
    - attrs==21.2.0
    - audioread==2.1.9
    - bleach==4.1.0
    - cffi==1.15.0
    - charset-normalizer==2.0.7
    - decorator==5.1.0
    - defusedxml==0.7.1
    - entrypoints==0.3
    - idna==3.3
    - import-ipynb==0.1.3
    - importlib-resources==5.4.0
    - ipynb==0.5.1
    - jinja2==3.0.3
    - joblib==1.1.0
    - jsonschema==4.2.1
    - jupyterlab-pygments==0.1.2
    - librosa==0.8.1
    - llvmlite==0.37.0
    - markupsafe==2.0.1
    - mistune==0.8.4
    - nbclient==0.5.8
    - nbconvert==6.3.0
    - nbformat==5.1.3
    - nest-asyncio==1.5.1
    - notebook==6.4.5
    - numba==0.54.1
    - numpy==1.20.3
    - packaging==21.2
    - pandas==1.3.4
    - pandocfilters==1.5.0
    - pip==21.3.1
    - plotly==5.5.0
    - pooch==1.5.2
    - prometheus-client==0.12.0
    - pycparser==2.21
    - pyparsing==2.4.7
    - pyrsistent==0.18.0
    - pytz==2021.3
    - pywinpty==1.1.5
    - requests==2.26.0
    - resampy==0.2.2
    - scikit-learn==1.0.1
    - scipy==1.7.2
    - seaborn==0.11.2
    - send2trash==1.8.0
    - setuptools==58.5.3
    - soundfile==0.10.3.post1
    - tabulate==0.8.9
    - tenacity==8.0.1
    - terminado==0.12.1
    - testpath==0.5.0
    - threadpoolctl==3.0.0
    - urllib3==1.26.7
    - webencodings==0.5.1
    - zipp==3.6.0
prefix: C:\Users\lianl\anaconda3\envs\tweety
